_viz_0 = nengo_gui.components.Slider(colour_goal)
_viz_config[_viz_0].max_value = 5
_viz_config[_viz_0].min_value = 0
_viz_config[_viz_0].x = -0.05794435507336124
_viz_config[_viz_0].y = 0.5195936207503965
_viz_config[_viz_0].width = 0.0833365042115785
_viz_config[_viz_0].height = 0.2556079342228454
_viz_config[_viz_0].label_visible = True
_viz_2 = nengo_gui.components.HTMLView(env)
_viz_config[_viz_2].x = 0.96194647811945
_viz_config[_viz_2].y = 0.24109413591108816
_viz_config[_viz_2].width = 0.16667300842315702
_viz_config[_viz_2].height = 0.2556079342228454
_viz_config[_viz_2].label_visible = True
_viz_net_graph = nengo_gui.components.NetGraph()
_viz_progress = nengo_gui.components.Progress()
_viz_config[_viz_progress].x = 0
_viz_config[_viz_progress].y = 0
_viz_config[_viz_progress].width = 100
_viz_config[_viz_progress].height = 100
_viz_config[_viz_progress].label_visible = True
_viz_sim_control = nengo_gui.components.SimControl()
_viz_config[_viz_sim_control].shown_time = 0.5
_viz_config[_viz_sim_control].kept_time = 4.0
_viz_config[colour_counter].pos=(0.4618320610687023, 0.4067796610169491)
_viz_config[colour_counter].size=(0.03816793893129771, 0.021186440677966097)
_viz_config[colour_goal].pos=(0.048406706407143923, 0.5308510989962018)
_viz_config[colour_goal].size=(0.03174596534858126, 0.016020590521625428)
_viz_config[colour_info].pos=(0.6526717557251908, 0.47033898305084737)
_viz_config[colour_info].size=(0.03816793893129771, 0.021186440677966097)
_viz_config[compute_diff].pos=(0.8053435114503817, 0.47033898305084737)
_viz_config[compute_diff].size=(0.03816793893129771, 0.021186440677966097)
_viz_config[current_color].pos=(0.04961832061068702, 0.2817796610169491)
_viz_config[current_color].size=(0.03053435114503817, 0.01694915254237288)
_viz_config[env].pos=(0.5, 0.03813559322033898)
_viz_config[env].size=(0.3076923076923077, 0.01694915254237288)
_viz_config[model].pos=(0.14321422053281774, 0.07995777916434887)
_viz_config[model].size=(0.7509101008076444, 0.7509101008076444)
_viz_config[model].expanded=True
_viz_config[model].has_layout=True
_viz_config[model.all_mem].pos=(0.23282442748091606, 0.2817796610169491)
_viz_config[model.all_mem].size=(0.07633587786259542, 0.08474576271186439)
_viz_config[model.all_mem].expanded=False
_viz_config[model.all_mem].has_layout=False
_viz_config[model.all_mem.state_ensembles].expanded=False
_viz_config[model.all_mem.state_ensembles].has_layout=False
_viz_config[model.cleanup].pos=(0.4618320610687023, 0.21610169491525422)
_viz_config[model.cleanup].size=(0.07633587786259542, 0.08474576271186439)
_viz_config[model.cleanup].expanded=False
_viz_config[model.cleanup].has_layout=False
_viz_config[model.cleanup.am].expanded=False
_viz_config[model.cleanup.am].has_layout=False
_viz_config[movement_info].pos=(0.950381679389313, 0.711864406779661)
_viz_config[movement_info].size=(0.03053435114503817, 0.01694915254237288)
_viz_config[noise].pos=(0.04961832061068702, 0.7161016949152542)
_viz_config[noise].size=(0.03053435114503817, 0.01694915254237288)
_viz_config[position].pos=(0.5, 0.09322033898305083)
_viz_config[position].size=(0.3076923076923077, 0.016949152542372878)
_viz_config[radar].pos=(0.23282442748091606, 0.9576271186440677)
_viz_config[radar].size=(0.03816793893129771, 0.021186440677966097)
_viz_config[stim_radar].pos=(0.04961832061068702, 0.9576271186440677)
_viz_config[stim_radar].size=(0.03053435114503817, 0.01694915254237288)