_viz_0 = nengo_gui.components.HTMLView(env)
_viz_config[_viz_0].x = 0.9628325101216842
_viz_config[_viz_0].y = 0.35065194809282063
_viz_config[_viz_0].width = 0.15414434526147727
_viz_config[_viz_0].height = 0.20799131423957493
_viz_config[_viz_0].label_visible = True
_viz_1 = nengo_gui.components.Slider(colour_goal)
_viz_config[_viz_1].max_value = 5
_viz_config[_viz_1].min_value = 0
_viz_config[_viz_1].x = -0.08290285338229686
_viz_config[_viz_1].y = 0.8239709772932747
_viz_config[_viz_1].width = 0.08046590794224595
_viz_config[_viz_1].height = 0.21714983985949676
_viz_config[_viz_1].label_visible = True
_viz_net_graph = nengo_gui.components.NetGraph()
_viz_progress = nengo_gui.components.Progress()
_viz_config[_viz_progress].x = 0
_viz_config[_viz_progress].y = 0
_viz_config[_viz_progress].width = 100
_viz_config[_viz_progress].height = 100
_viz_config[_viz_progress].label_visible = True
_viz_sim_control = nengo_gui.components.SimControl()
_viz_config[_viz_sim_control].shown_time = 0.5
_viz_config[_viz_sim_control].kept_time = 4.0
_viz_config[colour_counter].pos=(0.4618320610687023, 0.5393258426966292)
_viz_config[colour_counter].size=(0.03816793893129771, 0.028089887640449437)
_viz_config[colour_goal].pos=(0.04961832061068702, 0.7022471910112359)
_viz_config[colour_goal].size=(0.03053435114503817, 0.02247191011235955)
_viz_config[colour_info].pos=(0.6526717557251908, 0.6207865168539326)
_viz_config[colour_info].size=(0.03816793893129771, 0.028089887640449437)
_viz_config[compute_diff].pos=(0.8053435114503817, 0.6207865168539326)
_viz_config[compute_diff].size=(0.03816793893129771, 0.028089887640449437)
_viz_config[current_color].pos=(0.04961832061068702, 0.37078651685393255)
_viz_config[current_color].size=(0.03053435114503817, 0.02247191011235955)
_viz_config[env].pos=(0.5, 0.05056179775280899)
_viz_config[env].size=(0.3076923076923077, 0.02247191011235955)
_viz_config[model].pos=(0.17805360218824617, 0.07680249998167124)
_viz_config[model].size=(0.7509101008076443, 0.7509101008076443)
_viz_config[model].expanded=True
_viz_config[model].has_layout=True
_viz_config[model.all_mem].pos=(0.23282442748091606, 0.37078651685393255)
_viz_config[model.all_mem].size=(0.07633587786259542, 0.11235955056179775)
_viz_config[model.all_mem].expanded=False
_viz_config[model.all_mem].has_layout=False
_viz_config[model.all_mem.state_ensembles].expanded=False
_viz_config[model.all_mem.state_ensembles].has_layout=False
_viz_config[model.cleanup].pos=(0.4618320610687023, 0.28651685393258425)
_viz_config[model.cleanup].size=(0.07633587786259542, 0.11235955056179775)
_viz_config[model.cleanup].expanded=False
_viz_config[model.cleanup].has_layout=False
_viz_config[model.cleanup.am].expanded=False
_viz_config[model.cleanup.am].has_layout=False
_viz_config[movement_info].pos=(0.950381679389313, 0.7808988764044943)
_viz_config[movement_info].size=(0.03053435114503817, 0.02247191011235955)
_viz_config[noise].pos=(0.950379714998714, 0.9655623145055343)
_viz_config[noise].size=(0.032149553760183185, 0.01828560702720982)
_viz_config[position].pos=(0.5, 0.12359550561797752)
_viz_config[position].size=(0.3076923076923077, 0.02247191011235955)
_viz_config[radar].pos=(0.23282442748091606, 0.9438202247191011)
_viz_config[radar].size=(0.03816793893129771, 0.028089887640449437)
_viz_config[stim_radar].pos=(0.04961832061068702, 0.9438202247191011)
_viz_config[stim_radar].size=(0.03053435114503817, 0.02247191011235955)